[app/reporting]
version = 8.0.1
modtime = 1580399698.330218000

[app/install]
version = 8.0.1
modtime = 1580399698.344750000

[views/overview]
version = 8.0.1
modtime = 1580397467.129678000
